155
365
772
960
1080
752
408
307
642
537
14
24
520
302
1073
201
128
374
659
12
410
447
228
94
61
148
512
21
108
403
355
366
938
242
45
205
646
758
179
528
765
349
638
946
55
1029
136
547
363
455
225
81
308
431
85
345
67
6
98
825
30
92
62
220
581
664
252
25
395
9
971
78
568
253
41
122
397
782
339
342
18
831
90
351
208
998
1918
175
2047
35
65
125
80
289
7
767
502
499
734
786
602
244
4
44
1370
265
1178
437
882
317
227
111
527
823
32
1700
74
89
779
708
612
103
773
764
99
905
109
274
1085
1526
53
1157
333
46
106
606
1623
57
761
191
23
190
705
1559
3
1533
91
176
26
177
119
52
867
198
165
557
750
54
118
653
113
531
51
677
219
362
132
290
173
273
676
509
332
43
714
159
562
966
203
2310
839
232
116
240
1318
260
27
732
399
473
170
138
335
163
1421
1166
71
550
234
19
39
209
297
357
130
488
66
257
171
1205
102
42
828
1358
185
117
247
63
1657
38
587
211
1385
663
644
100
10
112
1865
689
364
70
911
59
285
563
194
64
532
126
376
121
186
846
156
16
525
738
31
189
239
137
282
556
662
135
69
28
1659
222
354
33
110
149
472
343
166
890
546
737
1193
49
218
178
167
115
56
15
462
441
241
1555
585
279
1443
449
1411
415
368
1326
479
206
141
892
223
461
88
327
34
670
151
101
440
153
134
8
579
143
105
157
104
611
272
270
73
436
278
329
243
631
725
268
76
404
553
84
423
144
651
614
169
251
83
545
142
505
213
834
1119
603
884
79
375
216
811
60
1134
848
87
2
13
196
1031
325
58
802
434
558
40
610
50
36
75
748
133
255
131
22
283
183
77
331
321
1168
1282
192
940
47
810
485
605
17
281
1
195
140
2405
739
560
11
464
880
468
392
369
320
180
1260
68
147
